1.39
2.182
3.3600
4.12
5.2340
6.8'1/6
7.485
8.14'9/11
9.2
10.0
11.0
12.0
13.112
14.7
15.5'17/22
16.3/11
17.23/85
18.20
19.0
20.8
21.21
22.7/72
23.26
24.40
25.5
26.5/24
27.1'7/9
28.19
29.154
30.1/161
31.49
32.176
33.1'4/17
34.4/9
35.1'1/7
36.1'13/29
37.598
38.3'1/2
39.11799
40.912
41.17'1/2
42.10/11
43.48
44.285
45.18
46.215
47.25
48.1'1/8
49.1428
50.333'1/2
51.0
52.14
53.10'9/11
54.7/55
55.22
56.40
57.9
58.1440
59.44
60.22
61.11
62.43/195
63.19/88
64.4
65.1/2
66.720
67.22
68.378
69.0
70.1'1/10
71.1'14/15
72.3
73.10
74.353
75.1'15/19
76.206
77.1050
78.29
79.18
80.1'1/5
81.16
82.486
83.2
84.27
85.8
86.511
87.36
88.50
89.50
90.4
91.11
92.1
93.26
94.33
95.3
96.196
97.549'1/6
98.2'1/5
99.20
100.348
